65.00
65.10
63.75
66.00
66.00
64.30
65.50
65.00
64.70
66.30
66.05
64.30
64.20
63.65
66.00
65.00
65.90
65.00
65.75
67.35
65.00
68.00
68.40
69.70
67.90
68.90
68.85
71.30
73.55
73.70
75.35
79.55
87.00
86.15
79.70
83.55
86.00
86.40
86.40
82.00
82.60
83.35
83.40
81.45
81.25
81.15
83.00
82.00
82.60
83.70
81.90
81.75
84.60
90.35
89.25
88.20
89.50
90.85
89.60
90.95
91.30
91.70
92.00
92.05
91.10
91.45
89.75
89.25
90.00
90.20
91.65
90.75
91.80
91.00
89.65
91.65
90.70
89.00
90.60
90.95
91.35
90.00
90.85
91.80
94.35
97.90
102.60
110.20
106.25
104.60
105.70
112.90
111.15
109.95
108.95
105.40
111.00
112.30
114.55
117.25
123.30
124.95
122.60
118.35
118.30
115.30
118.35
116.40
116.60
118.80
121.00
120.00
121.00
119.50
120.60
118.00
122.30
121.45
122.75
122.40
121.40
122.00
123.85
127.35
125.25
123.35
118.90
122.20
121.20
120.90
121.00
118.30
113.00
117.50
118.25
120.20
117.00
120.00
116.10
116.25
116.05
117.00
115.00
115.40
115.25
115.25
114.15
110.80
107.05
102.05
95.40
92.85
102.00
102.00
108.50
106.10
101.95
99.05
100.00
102.00
106.00
106.75
102.70
105.85
107.00
106.75
106.15
105.00
101.00
100.90
101.15
102.95
103.10
101.05
103.65
102.00
103.00
102.80
101.00
100.85
96.00
97.00
99.00
98.45
99.15
99.90
99.20
104.00
103.00
102.32
100.80
102.95
103.00
103.15
99.80
101.80
98.85
97.00
97.15
96.10
96.90
96.15
97.75
98.00
99.25
98.05
96.85
98.05
96.80
97.00
89.85
90.75
91.30
88.85
90.20
89.00
89.75
91.15
92.80
101.95
100.90
100.65
100.60
105.65
105.30
105.75
108.45
105.90
104.70
102.85
103.65
104.60
107.00
108.10
108.70
107.65
106.15
112.80
112.75
111.50
116.55
122.20
118.00
121.00
125.80
125.00
121.00
122.40
123.95
126.15
125.20
127.20
130.00
137.00
136.50
134.70
141.10
141.10
138.35
137.65
136.10
131.35
129.70
132.55
139.15
137.65
139.20
142.00
145.00
147.45
145.20
146.50
149.20
148.60
150.60
157.65
162.15
170.00
174.65
173.40
162.75
167.60
165.00
160.15
159.30
166.35
164.55
164.90
162.50
164.20
165.10
164.95
163.00
168.00
176.35
176.20
176.55
178.00
172.00
173.85
174.30
172.00
174.10
179.20
175.80
173.65
166.35
171.10
173.00
173.35
173.00
168.70
170.05
171.35
174.90
173.65
171.35
170.10
169.45
169.40
170.65
170.10
170.20
165.60
163.35
158.95
166.40
168.05
166.00
166.80
164.00
163.00
166.05
163.85
160.10
163.60
159.35
162.10
154.75
154.80
163.25
156.50
154.00
153.45
159.65
154.75
156.60
158.35
156.00
156.55
161.10
157.00
155.00
154.45
150.50
153.20
150.60
149.15
146.00
144.30
144.00
142.50
135.85
136.00
135.00
140.95
144.00
138.95
136.70
136.00
137.60
140.70
140.30
144.30
142.10
142.80
145.20
148.25
147.85
158.45
156.05
158.00
157.35
154.30
153.75
153.00
150.00
153.25
153.45
151.70
156.00
151.90
155.00
154.95
156.00
154.60
153.00
154.80
152.00
154.00
153.00
157.00
158.85
155.95
157.60
156.45
156.65
155.10
153.00
153.00
153.75
152.40
148.95
147.60
150.05
146.00
147.80
146.90
147.20
144.40
146.85
152.45
154.85
152.85
153.95
157.00
156.10
155.50
157.85
156.80
154.45
155.10
154.05
154.15
155.05
156.80
158.70
157.00
162.15
164.05
167.30
167.90
168.00
168.20
167.00
169.60
177.70
176.30
183.00
181.75
179.50
184.75
188.40
188.75
190.75
188.55
179.00
183.00
181.00
182.90
187.25
183.95
180.45
183.10
185.05
183.95
175.35
177.65
182.00
178.40
174.30
175.95
180.85
182.55
188.05
187.75
186.95
186.80
192.10
195.15
194.85
186.00
173.00
174.70
173.60
170.65
180.00
178.00
176.60
179.35
176.60
178.20
176.40
173.00
176.05
175.10
175.50
174.65
176.45
179.20
175.00
178.25
176.40
175.70
176.95
174.50
173.55
175.45
174.05
174.00
174.60
179.80
183.65
180.25
180.15
183.35
183.25
183.75
184.45
185.00
182.80
181.30
181.10
181.10
179.65
178.20
179.80
178.45
176.00
178.60
177.00
179.00
177.40
178.05
178.00
179.00
177.25
175.95
177.00
175.90
178.70
176.45
177.45
177.45
177.60
173.60
173.75
174.00
172.20
173.75
170.85
167.90
164.00
166.40
167.00
169.00
165.00
166.95
167.00
166.00
165.00
167.55
168.25
164.90
163.05
164.90
165.65
165.40
164.55
165.00
165.30
167.15
164.75
166.80
166.60
165.85
168.85
173.00
173.55
172.05
170.90
169.30
167.60
165.25
165.50
165.75
165.30
166.85
164.50
166.00
164.95
165.05
162.95
163.45
162.75
162.15
162.00
163.60
164.85
165.00
165.00
166.95
165.95
166.25
164.00
163.70
161.60
163.35
164.60
162.25
165.90
165.55
165.20
164.00
164.00
164.75
164.65
166.10
164.00
165.25
165.05
167.60
167.95
165.45
165.85
166.70
167.25
163.60
164.40
164.00
162.25
162.25
163.20
161.00
162.10
161.70
161.95
163.95
163.00
162.10
161.00
162.00
160.75
159.75
154.00
149.80
150.05
152.00
152.00
151.45
149.00
148.85
148.00
149.00
147.30
146.30
142.20
139.75
134.70
137.30
127.50
131.80
135.20
135.00
138.60
140.05
143.15
145.35
140.80
142.75
139.80
141.25
142.25
139.65
142.50
142.00
144.30
143.55
146.85
144.95
143.65
142.65
142.10
143.30
143.70
144.30
142.00
142.00
143.60
146.60
146.30
145.60
144.40
143.95
145.10
142.70
142.20
142.35
139.45
142.30
143.30
142.50
139.90
140.35
139.00
140.00
137.25
138.00
139.00
140.40
138.65
138.80
136.65
137.20
139.45
139.90
138.55
138.60
139.45
138.10
139.60
139.05
142.60
140.80
140.80
140.10
139.70
140.10
139.30
139.25
138.45
136.20
137.30
136.65
132.35
129.45
132.00
130.35
128.05
123.35
126.00
125.50
130.20
125.20
125.30
128.05
127.95
128.00
129.90
132.20
130.05
129.70
131.20
129.25
128.35
131.90
130.00
131.05
129.60
132.30
129.75
131.00
132.70
133.30
133.45
133.20
132.10
132.55
132.45
132.55
131.30
134.65
133.20
133.65
133.25
133.65
134.00
132.70
133.10
133.35
134.25
133.65
133.40
132.00
133.55
133.90
131.75
129.65
128.95
130.00
128.50
129.55
126.50
127.70
128.25
127.45
128.50
127.15
128.15
128.05
126.55
128.75
126.50
128.25
128.00
128.50
129.55
128.70
126.75
128.80
128.55
128.80
127.80
126.50
128.20
128.90
128.70
129.00
128.00
127.20
128.45
127.10
128.00
125.05
125.10
126.25
124.90
126.00
125.05
125.50
126.45
126.90
128.00
127.00
127.50
126.85
128.25
126.75
126.30
126.30
126.60
125.00
126.40
126.60
125.60
124.35
124.50
123.00
124.20
123.50
124.40
124.80
122.20
123.00
123.60
123.00
123.00
122.15
123.40
121.40
122.50
121.10
122.20
118.90
113.05
107.45
113.55
110.60
111.85
112.20
114.15
114.60
111.30
111.55
110.65
112.45
112.55
113.80
111.80
112.65
112.30
112.80
113.75
114.25
112.30
108.55
110.35
110.00
105.40
104.00
103.50
105.50
103.00
104.55
106.10
106.50
107.25
114.15
110.30
111.80
112.00
116.80
113.50
111.10
112.40
113.20
119.35
116.60
119.15
118.00
118.45
119.95
116.95
117.40
116.10
114.95
115.00
113.25
115.25
116.00
113.05
113.70
114.35
114.20
113.95
115.85
116.30
116.60
115.45
114.80
115.95
116.50
116.45
118.40
122.00
123.50
123.75
111.25
124.60
125.90
130.55
129.55
136.05
133.35
134.35
138.40
132.15
131.00
129.30
130.20
133.25
134.00
131.00
130.10
129.00
129.90
129.50
130.00
131.00
133.65
134.30
134.00
136.50
137.50
135.35
134.85
134.15
134.35
131.45
131.30
134.00
133.10
133.50
134.10
134.35
133.75
135.85
133.70
132.65
131.35
130.00
129.95
132.70
130.70
130.95
132.15
133.65
131.95
132.00
131.00
134.00
133.10
132.10
130.60
131.00
132.70
131.00
133.15
131.00
133.30
134.35
137.35
135.85
134.35
136.90
136.40
136.75
136.95
136.95
137.45
137.20
138.80
140.00
139.30
143.00
145.70
144.80
144.20
148.10
148.40
146.35
146.00
147.50
146.50
147.60
147.00
148.00
150.65
151.00
149.80
152.10
153.35
154.65
149.40
149.00
149.25
149.35
148.40
150.00
148.90
147.55
148.25
149.25
153.30
151.85
150.05
151.05
150.80
150.20
146.90
150.40
147.80
146.00
147.00
144.35
146.75
149.55
147.00
149.00
147.00
147.15
146.70
147.75
148.00
148.20
147.90
147.20
147.50
147.25
147.60
146.20
146.00
146.00
144.60
142.85
144.00
145.15
144.10
142.85
142.90
141.35
142.25
140.00
139.05
138.40
137.10
139.90
139.00
138.75
138.80
140.90
140.40
141.25
141.55
142.60
142.80
143.05
143.80
141.30
141.35
141.75
140.00
142.70
142.65
142.10
142.35
143.00
143.05
144.00
142.00
145.85
145.40
144.80
144.35
146.05
146.25
144.00
143.15
143.70
144.10
145.10
145.40
147.85
146.10
146.55
146.10
145.90
146.35
145.70
144.70
144.00
142.00
143.70
144.00
143.50
143.00
143.60
145.80
146.20
145.25
145.65
147.60
148.00
148.45
147.00
148.00
148.35
147.00
148.00
147.00
149.40
148.75
149.00
152.05
150.35
150.15
154.25
153.70
153.10
153.00
154.00
155.65
155.20
154.65
153.50
157.20
155.65
157.85
157.60
157.00
161.25
160.20
162.25
161.00
162.00
163.90
164.00
161.35
160.15
162.55
162.65
163.10
167.00
167.25
165.00
166.75
167.75
168.95
164.00
161.50
161.10
159.10
161.70
156.80
155.00
160.40
159.60
157.80
161.60
158.00
161.10
160.90
159.40
160.25
160.70
160.00
160.75
157.45
158.70
156.40
160.70
158.30
160.00
161.20
159.80
160.70
160.00
164.95
165.05
164.00
168.30
172.00
164.00
170.20
170.55
173.25
170.90
173.05
171.80
173.95
173.70
173.15
173.75
171.80
176.45
176.55
178.00
175.65
176.00
176.25
175.85
177.20
176.00
175.90
175.00
173.95
174.65
173.40
176.45
178.00
178.60
179.60
183.15
180.00
182.35
182.70
179.60
180.70
181.35
183.85
182.45
184.65
187.00
190.75
187.00
186.35
187.75
188.70
185.85
184.15
184.00
181.80
178.55
179.60
180.00
182.00
182.65
179.45
182.35
182.90
180.65
177.90
182.20
179.55
178.20
179.30
180.60
178.30
178.70
175.05
173.65
174.10
169.10
170.05
169.35
167.80
169.30
170.85
171.00
168.80
170.20
173.70
172.90
172.25
172.10
174.70
176.10
175.00
175.35
176.65
178.25
177.50
178.20
179.50
179.25
180.40
179.65
179.25
182.55
184.00
183.00
185.00
183.00
181.80
182.25
183.85
180.70
180.90
182.00
182.90
181.40
185.75
183.70
187.40
186.55
185.80
185.40
184.15
185.45
185.70
184.50
183.60
184.00
183.30
184.90
184.00
184.75
186.15
184.80
187.00
185.85
186.35
184.80
185.85
186.00
187.80
192.05
196.00
194.05
195.10
201.00
199.85
205.60
202.00
201.55
200.40
204.05
207.00
207.75
206.35
212.00
213.50
213.50
215.75
210.20
212.60
205.25
206.40
199.55
201.95
198.95
199.35
205.75
208.90
208.05
212.65
209.90
211.35
210.30
206.10
205.45
210.50
208.25
211.20
209.00
210.70
214.65
215.10
213.80
217.20
218.55
215.30
217.35
218.35
217.55
221.00
223.80
223.55
223.30
222.45
224.75
227.45
225.65
225.60
223.95
228.10
225.10
226.75
225.70
227.00
229.90
232.50
234.80
243.90
242.15
228.20
220.95
215.05
208.00
215.35
218.00
213.95
205.55
209.00
211.00
204.00
196.65
198.90
199.50
200.55
197.80
201.65
203.65
199.00
196.10
194.80
194.35
194.75
198.05
197.00
196.00
198.15
202.05
206.50
201.05
202.25
204.50
206.00
212.00
216.30
216.85
213.45
214.20
220.00
220.65
226.70
227.40
219.40
222.65
225.00
223.15
224.00
221.00
219.95
218.00
218.05
221.15
227.55
232.10
229.85
235.75
229.35
235.50
232.75
235.15
234.55
232.60
233.40
228.50
230.00
243.10
243.60
252.00
250.05
245.50
245.20
239.60
240.25
248.20
247.35
247.00
250.70
251.00
251.45
249.60
247.55
250.15
249.15
246.85
237.85
240.25
241.80
239.00
242.05
239.10
238.00
239.00
240.10
244.00
243.35
242.60
241.10
243.85
242.85
244.75
245.60
244.00
241.00
241.35
239.20
238.90
239.50
239.60
239.00
239.10
239.15
238.45
234.00
232.60
233.05
241.00
237.15
235.00
240.80
242.00
242.95
242.60
246.15
246.60
245.65
245.30
247.95
249.15
247.00
253.40
251.00
252.05
255.00
256.00
255.70
261.00
264.35
264.70
263.85
270.40
274.25
269.60
274.05
274.85
272.80
273.85
280.95
275.85
280.00
283.00
276.60
276.20
277.85
278.95
277.00
281.55
280.55
282.00
282.30
282.70
281.10
281.00
275.40
277.75
282.35
280.65
282.30
287.65
291.05
287.85
289.55
290.35
290.25
286.40
293.95
296.10
300.95
298.95
298.20
304.40
307.00
302.55
305.55
304.55
300.40
295.65
289.00
292.55
285.00
283.80
284.80
287.90
296.00
302.55
297.00
291.75
302.00
297.45
300.00
298.00
301.15
310.40
309.60
315.15
315.50
314.50
318.25
314.75
324.40
328.00
336.75
329.15
335.60
340.65
336.15
331.75
345.95
352.25
375.15
368.00
380.00
368.65
379.00
377.85
374.00
396.00
397.45
415.30
426.55
402.00
383.05
386.15
385.95
412.30
402.70
394.00
404.00
393.00
385.20
381.45
393.00
393.20
384.35
396.10
391.00
373.75
374.80
377.05
381.75
377.35
372.80
381.20
384.75
394.90
388.25
390.50
392.80
388.15
389.85
384.85
390.90
388.70
387.15
396.50
392.55
395.30
394.00
410.00
411.75
416.35
429.20
432.60
427.00
432.70
429.95
430.95
446.35
445.60
458.25
457.45
469.05
476.70
488.50
470.30
471.85
512.15
559.60
635.15
586.95
632.35
609.15
606.85
601.50
623.85
659.20
685.05
760.00
748.90
830.65
849.00
736.30
694.20
716.00
668.70
624.00
675.15
690.35
652.00
677.05
668.65
683.35
709.65
698.00
691.90
709.00
693.85
696.00
681.75
666.30
661.70
652.40
604.90
666.15
631.15
617.00
643.15
636.70
644.80
637.00
633.20
631.10
642.40
627.00
609.40
584.45
570.25
585.20
555.50
522.00
483.50
482.10
527.40
560.00
525.00
557.00
547.60
506.55
485.50
489.10
495.05
510.35
499.55
485.85
528.95
553.10
525.15
529.55
528.60
497.50
520.45
513.70
515.20
506.00
502.75
506.30
516.50
550.50
525.10
515.00
518.00
490.10
511.00
511.30
509.50
516.00
507.00
513.85
511.45
523.75
516.35
513.75
507.80
514.40
500.00
512.45
515.30
525.45
526.20
535.20
536.05
552.45
571.95
582.00
598.00
624.00
604.20
596.40
590.05
608.40
595.00
591.00
601.70
600.05
602.95
595.95
603.20
623.55
623.40
637.85
654.00
660.55
660.95
664.50
668.40
688.35
671.90
656.25
668.25
649.70
619.10
624.65
626.00
605.45
616.25
613.50
631.00
642.00
652.35
651.00
646.05
628.00
613.00
622.70
631.00
630.75
627.00
630.50
628.00
617.00
605.45
615.40
625.35
626.00
634.00
644.00
639.25
627.60
633.55
635.85
632.05
635.50
637.50
647.00
651.20
670.80
670.35
685.40
675.00
685.90
667.00
668.00
673.00
672.00
675.20
708.75
710.15
710.60
698.00
699.95
678.20
666.00
681.00
666.55
661.00
677.50
676.00
690.00
686.05
680.20
669.15
676.90
674.25
669.00
657.00
651.85
634.00
633.00
638.15
630.85
643.55
642.00
628.25
640.65
647.00
651.10
631.55
597.00
611.40
597.30
619.95
622.00
611.45
611.90
619.90
629.65
630.35
634.80
632.05
615.70
624.10
620.70
636.00
626.75
626.80
631.70
617.90
616.35
603.05
596.45
558.60
563.40
579.85
559.90
574.80
572.00
574.75
594.80
602.60
593.20
589.75
588.25
598.70
599.00
585.60
574.50
578.50
561.05
562.00
557.00
571.90
561.95
567.45
561.90
578.10
564.50
552.30
528.00
525.00
524.15
493.55
507.20
492.00
486.20
504.00
498.45
500.60
513.00
518.90
501.45
490.90
490.80
501.80
506.05
502.60
510.25
500.00
502.05
499.00
491.60
489.00
465.40
470.00
465.00
462.45
467.00
473.55
475.65
477.00
491.40
498.65
493.00
505.15
509.00
516.75
526.85
536.60
527.00
540.30
538.70
525.00
513.00
514.55
519.85
523.10
534.55
513.55
508.25
502.15
493.45
474.45
483.35
475.55
482.10
481.70
501.80
487.25
494.95
482.60
482.40
476.30
483.05
488.00
475.30
482.05
476.00
485.10
493.00
484.55
484.45
476.30
486.00
481.60
481.20
479.45
476.00
473.00
467.00
467.75
479.00
478.85
482.65
475.10
474.30
462.40
460.60
473.50
461.60
464.75
465.10
471.00
472.00
461.70
460.50
458.65
459.00
462.00
466.45
462.15
445.65
443.05
429.00
424.90
421.00
414.45
402.75
405.00
396.00
406.95
416.90
412.00
417.70
415.70
412.60
407.15
410.70
406.70
407.00
408.10
402.10
401.50
405.55
391.30
391.00
391.35
393.90
395.00
401.70
416.70
407.20
412.25
411.95
419.00
432.10
429.55
430.10
421.25
409.35
414.45
411.40
423.85
421.50
430.30
436.85
440.20
439.00
435.00
450.35
448.95
450.05
456.05
447.95
459.95
447.40
464.00
462.45
457.25
445.10
449.50
420.00
432.15
427.00
436.55
434.05
442.50
442.50
445.60
443.85
453.95
448.95
442.00
443.00
446.25
443.80
435.45
436.00
430.05
433.45
433.20
427.05
428.35
429.70
424.30
426.00
430.00
427.20
431.10
428.35
427.05
430.00
418.85
412.00
410.50
412.05
403.70
399.35
402.00
399.80
400.50
395.75
398.90
410.00
412.40
414.50
401.40
406.75
416.05
425.45
416.15
415.45
411.00
404.55
409.00
418.70
413.80
416.40
416.30
416.65
411.10
399.25
401.05
393.85
396.50
395.90
402.80
402.45
396.30
400.90
388.65
389.20
379.25
374.90
373.10
374.75
370.95
375.15
376.00
372.00
375.00
380.85
383.50
386.00
379.05
379.20
378.80
383.00
383.60
379.50
378.60
382.20
379.00
378.75
374.00
373.20
368.20
364.50
361.30
363.90
365.20
361.90
361.70
360.00
353.75
345.90
342.15
329.90
329.60
333.50
331.60
323.85
312.90
325.00
317.10
319.05
316.20
321.95
329.50
331.15
328.80
321.40
317.95
325.10
318.95
327.00
327.00
337.80
345.55
354.85
352.05
352.40
367.70
362.45
363.80
355.85
343.75
347.00
344.45
351.30
355.80
351.50
354.15
348.60
361.65
341.80
338.60
334.05
334.10
328.60
332.25
332.30
330.30
334.25
337.35
338.00
341.40
343.00
338.15
327.90
327.05
329.00
324.00
324.30
318.95
318.35
320.75
317.00
325.30
328.65
324.80
327.10
326.00
319.65
313.95
316.60
309.55
307.55
297.25
303.70
303.80
309.25
305.60
303.65
309.40
317.00
309.95
312.05
310.00
307.95
314.65
328.20
344.25
353.10
352.35
350.35
346.60
348.45
348.50
366.55
352.55
363.60
351.00
350.85
346.90
342.70
342.65
352.25
350.05
347.05
345.00
345.10
336.90
339.50
333.35
335.70
338.95
340.70
338.00
358.00
357.10
386.50
393.30
407.85
400.00
417.10
418.60
411.85
404.55
409.00
456.00
481.85
458.00
466.90
454.00
439.00
454.65
443.00
448.50
441.95
425.40
427.75
444.35
435.00
430.00
413.60
409.80
409.20
396.80
403.15
388.20
390.25
403.55
419.10
432.40
430.70
441.00
430.00
431.35
427.85
441.95
422.30
431.50
427.15
418.15
418.25
416.60
418.05
423.65
428.45
431.00
427.05
423.65
417.20
408.00
408.40
410.85
402.30
397.15
404.25
406.25
411.85
409.75
418.00
409.80
405.35
408.00
418.35
435.15
436.80
441.50
446.00
440.75
444.60
455.00
445.45
437.20
434.65
438.50
448.60
437.00
439.25
437.40
442.80
446.50
444.55
460.35
456.65
449.00
453.60
454.25
464.00
474.85
484.25
480.10
489.00
484.30
497.45
485.55
494.00
486.50
485.30
475.45
488.70
487.20
496.65
492.60
500.10
497.00
503.35
490.10
497.60
491.50
496.75
503.00
499.30
509.50
508.00
503.55
502.00
485.60
474.60
465.65
407.65
414.15
431.00
428.30
412.80
419.50
416.35
426.85
435.45
420.10
428.75
434.00
418.80
416.20
421.30
415.00
421.60
411.00
414.00
411.55
408.35
412.10
418.00
415.20
426.00
428.05
426.05
420.10
427.00
432.75
428.70
433.25
436.25
442.25
438.65
434.80
440.00
437.10
442.30
436.20
428.85
430.15
432.65
433.85
431.55
433.45
443.95
442.70
438.80
440.20
437.00
440.00
443.10
441.35
437.75
433.95
436.45
442.05
439.10
437.00
438.20
409.85
413.30
410.70
408.50
399.25
403.25
407.70
411.00
412.75
408.40
408.55
412.50
415.15
415.00
415.85
420.90
419.30
422.00
420.75
416.45
415.30
415.95
416.60
409.80
411.65
411.40
426.40
431.45
429.00
428.00
426.15
422.40
423.20
424.25
427.30
429.90
424.00
422.95
426.15
427.40
425.00
421.30
410.20
414.15
411.80
414.20
409.75
407.70
413.65
407.90
410.60
412.35
417.20
420.00
423.25
420.80
418.50
422.40
426.35
423.00
422.15
417.30
419.30
413.60
417.15
418.15
417.00
413.80
412.90
414.75
414.85
406.00
402.65
404.75
406.50
413.40
413.60
412.10
406.75
411.80
415.20
412.00
413.20
408.80
405.75
394.05
390.00
394.10
397.85
400.00
398.15
393.90
397.40
399.60
396.00
397.25
394.00
390.15
393.35
393.00
397.00
393.60
384.15
387.25
380.90
378.60
383.35
377.35
381.55
378.00
381.10
383.95
381.45
382.35
381.55
382.00
382.35
376.65
375.00
374.65
375.40
376.95
374.90
394.10
390.70
405.85
398.30
400.20
396.00
397.55
399.65
400.20
389.60
392.05
388.15
388.60
388.00
378.00
374.55
377.00
378.05
380.00
377.10
382.35
384.05
374.30
374.25
374.55
364.85
371.30
367.05
368.95
374.35
369.45
367.60
369.70
374.70
372.50
371.95
365.95
366.85
365.80
369.85
369.20
373.25
378.90
384.35
382.00
381.60
378.20
385.55
382.85
377.85
376.80
376.50
382.70
384.00
381.00
387.80
395.75
398.70
395.75
399.15
393.05
392.60
398.60
404.60
401.90
399.80
399.15
399.15
395.95
397.25
400.00
395.55
393.00
393.35
392.70
391.40
390.45
387.00
387.75
387.00
386.90
389.00
388.70
386.35
379.75
380.80
380.90
379.55
381.75
381.05
384.75
380.70
379.00
379.85
379.45
379.00
385.75
382.65
383.30
379.00
380.35
375.70
376.70
378.55
379.55
377.00
372.35
372.45
370.90
373.00
371.00
372.35
375.00
376.90
375.00
381.50
379.00
379.70
376.80
385.05
385.30
386.05
384.50
393.35
389.75
392.00
392.25
385.00
383.00
376.20
374.20
376.20
368.30
368.00
370.00
371.00
371.30
374.00
369.30
369.60
369.00
373.00
374.00
371.15
370.40
365.90
353.90
337.85
343.35
339.65
341.50
345.00
351.25
347.60
345.15
351.40
340.85
334.10
337.40
342.70
335.80
338.45
342.70
340.10
342.85
348.00
349.90
342.00
344.00
343.00
345.90
342.85
354.80
351.35
352.35
352.75
350.00
345.20
346.00
350.15
349.20
348.70
349.80
348.00
349.00
340.20
339.00
341.00
338.75
338.60
339.30
339.75
341.65
336.30
337.30
339.25
338.75
342.50
346.70
346.15
345.75
345.00
342.65
345.60
346.00
349.00
345.65
346.40
341.60
341.95
337.70
337.00
339.75
337.95
340.05
340.95
339.00
339.00
338.45
340.15
338.75
338.35
337.60
336.00
336.05
334.60
343.70
342.10
346.70
347.00
347.65
344.00
349.60
345.25
344.10
345.50
343.30
341.70
340.65
340.85
338.05
333.70
328.80
331.00
327.75
330.45
330.90
329.70
329.95
327.35
325.00
327.10
323.25
324.40
321.50
316.25
309.60
308.20
306.00
311.05
310.40
308.00
304.70
301.00
303.90
297.15
303.25
301.00
305.05
304.45
298.30
302.05
302.00
306.65
306.85
307.40
300.65
307.85
301.70
299.35
297.75
303.55
303.20
306.00
303.15
300.40
301.85
301.75
301.10
299.10
301.00
302.00
303.55
303.95
303.60
301.00
303.80
299.15
299.00
283.00
285.00
291.90
286.60
287.15
288.35
287.90
288.35
290.65
291.70
292.20
288.80
291.40
293.45
299.35
317.20
324.05
319.15
315.60
314.85
323.25
330.05
325.00
328.30
320.00
319.15
316.70
322.95
326.60
331.70
330.00
334.10
330.50
326.70
329.30
325.90
327.80
326.55
321.75
322.90
322.00
321.95
321.20
312.70
313.65
311.65
312.95
312.55
315.00
313.85
320.00
326.50
322.00
319.45
323.75
324.20
316.10
316.50
315.95
315.20
310.95
311.50
314.30
314.05
318.30
315.85
313.40
314.50
314.25
312.05
315.60
314.00
314.80
318.85
319.30
323.40
324.15
317.15
314.70
314.50
315.00
316.00
316.05
316.90
314.50
307.55
310.85
312.65
309.00
314.75
314.05
312.50
314.95
316.00
320.55
325.00
320.20
318.70
317.25
323.20
318.95
316.00
317.00
327.35
326.25
326.95
322.70
319.40
323.50
319.85
320.70
322.50
321.00
325.85
326.60
326.95
330.95
334.70
341.25
334.40
336.85
334.00
333.00
336.70
340.20
336.85
335.00
329.05
324.00
325.90
317.05
320.00
321.10
321.35
319.00
320.35
318.50
318.65
315.65
317.40
319.25
326.40
328.10
329.60
329.60
328.85
327.00
321.00
323.85
324.55
326.80
324.00
325.90
327.30
325.30
325.15
327.50
326.00
324.55
325.80
325.70
325.50
326.65
324.70
325.50
326.10
325.40
327.50
326.35
324.20
323.50
326.30
323.90
321.85
321.00
323.15
322.80
323.55
326.30
325.95
323.00
324.35
326.40
327.00
331.05
331.30
328.05
326.40
320.00
323.25
324.40
324.00
323.40
316.85
317.05
314.00
318.20
317.00
319.50
321.85
320.05
325.20
324.75
326.65
327.95
327.00
325.15
327.00
327.00
329.75
332.25
332.80
340.05
338.45
340.35
347.90
362.15
352.40
351.15
355.30
352.10
351.10
353.25
357.95
353.85
352.75
358.05
351.25
346.25
338.40
337.50
336.40
336.35
340.00
335.00
338.20
330.30
330.40
336.00
341.30
338.20
336.80
338.00
351.30
345.55
335.00
337.80
335.60
336.30
342.25
343.40
344.55
340.40
341.85
344.00
349.00
346.75
349.75
351.85
347.05
350.65
352.10
350.35
352.00
343.10
344.80
332.40
336.00
334.90
335.10
336.80
340.00
338.30
340.70
340.70
341.90
339.85
340.65
343.80
341.05
345.15
345.60
345.45
343.90
343.00
342.90
345.75
346.10
341.35
342.25
345.00
343.80
346.25
344.60
343.65
342.85
343.00
340.65
339.00
338.80
340.10
340.15
341.00
343.00
341.70
343.00
340.75
342.05
340.75
341.10
342.25
342.00
346.75
348.10
349.60
346.00
339.05
337.60
339.65
339.00
339.40
342.20
342.10
344.35
345.40
343.35
345.65
344.70
341.55
343.25
345.55
347.20
347.65
348.00
346.90
346.00
347.85
347.80
348.00
354.65
353.15
352.80
348.20
349.70
354.00
351.15
351.45
357.75
360.05
358.55
357.50
362.30
361.00
367.95
388.45
384.00
388.55
384.45
384.35
376.15
373.95
378.10
380.35
387.10
380.00
380.55
386.20
383.75
403.90
405.75
420.40
418.35
409.20
415.35
401.40
420.20
413.00
417.05
412.75
418.75
417.05
436.60
436.25
431.40
420.20
432.45
427.00
422.05
424.70
430.75
430.30
437.00
435.85
438.05
436.50
431.40
433.20
430.00
426.15
428.05
419.25
424.45
427.25
425.95
426.30
412.60
410.90
411.60
405.95
400.95
405.00
408.70
424.00
408.65
407.95
411.25
406.30
407.85
408.25
407.90
392.00
387.05
394.50
388.15
388.80
379.35
383.30
383.00
388.40
396.45
389.50
389.55
388.95
388.45
389.65
386.35
391.40
387.95
390.75
393.55
392.75
390.80
390.65
395.95
395.00
388.20
390.40
389.90
388.25
403.65
398.00
401.65
400.70
401.80
402.00
410.00
407.80
414.75
414.50
413.25
422.55
416.00
407.40
409.80
400.70
406.00
411.90
412.90
410.05
399.30
407.45
404.15
402.60
399.25
404.00
403.25
401.75
401.70
395.00
398.15
390.25
394.25
399.85
402.50
399.45
406.15
403.00
406.70
405.50
403.00
407.55
410.10
406.15
405.90
404.85
408.00
411.15
408.15
406.20
407.00
404.00
405.05
403.45
408.75
410.90
414.80
411.40
415.30
423.80
420.20
419.35
418.00
418.70
421.85
418.30
423.85
422.00
430.60
436.00
441.25
443.40
438.40
449.45
446.45
451.60
463.00
475.80
452.05
448.00
453.60
457.70
459.35
456.25
455.95
453.25
451.95
460.60
460.00
461.20
470.30
477.95
472.10
475.35
468.90
473.00
448.40
449.00
454.00
452.05
442.50
454.00
453.60
452.15
453.00
455.35
452.30
456.00
458.00
454.00
449.50
451.50
451.85
453.45
448.35
438.00
439.35
442.85
439.40
443.10
449.50
447.20
445.00
447.05
443.95
442.30
444.70
447.65
444.55
445.90
447.45
447.50
452.70
453.95
449.65
450.85
451.20
454.30
453.15
453.05
452.15
455.55
458.95
457.45
463.05
472.00
474.00
469.05
467.60
463.30
459.85
460.10
463.40
461.85
459.55
453.00
453.90
456.15
455.25
456.15
459.35
457.35
457.00
458.20
452.55
453.10
463.00
464.00
465.10
457.00
457.40
460.95
459.25
455.10
457.60
458.90
460.50
461.00
458.95
462.00
462.00
462.00
461.25
459.50
458.50
456.00
453.70
453.50
458.95
458.30
458.90
460.80
461.55
458.55
460.85
465.45
465.75
480.25
465.05
467.60
471.00
470.80
474.60
474.40
478.00
471.50
469.45
469.63
463.65
466.30
458.75
458.80
463.74
458.60
461.00
463.70
463.75
462.00
464.00
464.40
465.15
465.55
470.40
475.75
476.00
477.25
492.20
488.05
489.80
490.10
487.40
480.70
485.25
485.45
488.50
492.30
500.35
486.35
477.50
481.75
479.00
481.85
481.74
485.00
484.00
480.45
475.15
482.15
482.60
484.25
484.35
480.55
480.95
480.00
480.65
474.70
477.00
471.90
476.70
475.55
477.45
469.90
464.00
466.85
458.00
453.40
457.05
446.60
442.80
441.00
441.20
437.45
441.00
440.70
443.00
445.00
444.00
444.00
443.95
445.80
442.55
434.95
432.00
431.00
425.00
430.10
429.00
429.10
432.70
434.85
436.35
436.00
441.00
442.50
441.45
442.00
446.20
444.95
443.00
448.10
447.00
449.95
454.25
451.70
453.00
453.90
454.05
457.00
453.75
450.75
447.90
449.35
447.65
451.55
449.20
449.90
455.00
457.55
457.60
456.35
455.50
449.10
448.25
451.50
452.45
447.90
446.50
443.40
445.90
444.00
441.30
446.40
448.50
451.05
448.50
453.80
455.07
452.00
457.80
454.00
457.00
457.50
453.50
449.72
452.85
454.25
457.45
453.90
464.15
463.60
465.00
457.30
456.35
457.60
450.15
446.40
451.20
452.80
451.30
455.45
452.65
448.00
447.30
442.30
442.05
443.55
432.95
436.30
436.85
437.80
438.35
438.00
440.15
439.55
436.25
433.90
434.10
441.55
438.10
434.00
435.40
444.30
445.00
442.10
439.00
432.45
433.20
433.20
436.20
433.35
432.85
435.05
433.60
432.00
432.00
426.25
426.80
428.15
434.30
431.10
433.75
429.00
429.90
433.80
430.80
432.65
433.65
434.00
432.85
427.75
427.45
429.45
429.00
428.55
427.00
427.40
428.80
428.30
419.30
421.65
420.55
418.00
415.35
409.00
411.10
401.40
397.25
400.55
395.10
398.05
395.50
398.50
395.80
396.00
397.80
395.40
404.00
403.20
407.40
406.90
407.60
406.00
407.90
412.45
412.35
411.00
411.65
410.55
404.85
408.05
407.00
408.20
410.00
412.00
410.00
414.35
423.10
421.90
421.35
418.00
421.00
418.70
419.10
419.65
423.00
423.30
421.15
417.10
415.95
418.00
419.85
420.95
425.35
423.25
424.20
423.75
425.10
423.45
430.25
428.10
421.85
422.20
420.85
419.05
421.05
419.00
417.70
412.80
413.00
413.15
414.55
416.65
413.00
409.35
411.85
408.45
407.00
406.35
401.25
403.50
403.30
404.25
404.35
402.20
403.10
401.00
402.00
404.75
406.50
408.60
405.45
406.05
398.60
395.05
393.90
392.95
391.00
389.50
388.90
391.95
391.30
392.95
388.90
383.65
384.45
380.50
384.85
379.25
382.30
384.70
385.00
391.65
388.80
391.80
387.70
384.75
385.05
385.00
386.90
391.70
393.00
392.30
393.25
392.25
394.25
393.30
389.15
389.79
395.90
391.00
393.35
394.85
391.00
382.50
383.55
385.00
384.45
387.60
382.45
384.40
382.20
381.50
385.95
386.60
391.00
385.10
385.70
384.10
384.00
384.95
384.55
383.40
385.85
383.20
384.55
376.30
377.10
377.60
377.20
376.00
377.00
375.50
377.35
378.00
377.00
372.00
373.35
371.55
369.25
365.00
359.95
363.50
360.55
363.85
365.45
361.60
361.40
362.55
360.85
365.10
364.65
375.20
373.30
367.10
359.75
358.15
362.10
366.25
364.20
366.00
367.15
370.55
369.90
374.90
376.55
373.15
375.80
372.55
375.00
376.10
383.85
386.75
384.60
382.80
379.25
379.00
375.00
370.50
370.05
371.00
369.90
372.05
371.00
370.15
371.30
373.40
370.75
368.35
368.50
370.85
368.10
370.85
367.10
366.00
363.55
366.00
362.30
363.90
365.00
367.90
366.00
366.50
366.40
366.40
362.30
361.00
360.95
358.25
357.70
358.70
360.00
359.30
359.45
357.50
358.95
359.50
361.70
355.00
358.70
360.00
363.10
362.40
365.00
367.80
369.05
367.75
367.20
365.60
367.00
365.95
366.00
366.20
363.15
362.00
362.00
361.60
362.75
362.00
369.30
366.10
367.00
367.50
366.50
365.00
366.40
369.60
367.00
372.85
377.65
374.00
373.75
374.70
381.30
378.55
385.20
384.35
386.80
386.50
391.55
388.00
392.00
392.10
391.45
394.80
398.65
408.75
411.80
416.00
412.70
408.95
408.85
409.40
413.10
408.20
404.40
403.10
406.85
409.10
414.00
415.60
412.40
408.45
413.00
406.60
412.00
411.45
412.15
405.05
397.40
397.95
394.95
397.00
405.95
405.00
403.65
408.45
412.70
416.90
415.00
413.90
410.35
412.30
407.00
405.40
407.25
421.00
415.60
418.55
419.70
417.40
416.05
416.20
418.10
423.45
421.05
422.95
416.75
414.60
417.00
416.80
415.00
415.00
416.00
419.50
419.00
418.45
416.50
411.15
408.00
407.05
406.65
404.80
402.90
404.75
401.60
401.00
399.95
400.75
396.05
399.00
400.05
399.55
402.75
399.15
392.75
391.90
392.30
371.00
367.75
373.10
370.60
367.35
368.25
373.80
373.80
379.05
378.00
375.90
375.80
375.15
376.45
374.10
375.35
376.70
376.00
374.00
375.70
370.65
372.00
370.65
367.70
369.40
368.90
372.55
372.15
371.15
369.05
369.95
367.50
370.85
370.20
370.95
372.00
375.00
363.75
366.15
366.50
366.70
367.45
363.00
362.35
358.25
357.65
361.05
352.00
353.35
353.95
356.10
350.56
345.60
345.65
350.00
349.35
347.00
349.30
348.25
354.55
348.40
349.95
352.10
352.90
358.65
363.00
361.25
358.00
360.55
359.05
353.35
354.05
350.40
363.60
362.50
360.60
359.00
361.00
362.10
367.35
369.20
371.60
368.05
366.00
368.20
371.70
371.35
380.40
379.90
381.95
382.80
384.25
382.35
389.65
410.80
399.20
403.00
410.00
408.00
414.25
408.45
413.65
409.60
389.50
384.55
390.50
386.00
387.80
380.85
383.25
387.50
383.00
384.50
387.95
382.00
385.00
389.65
385.70
385.00
388.20
389.75
391.40
403.95
402.35
405.00
408.00
395.20
389.00
389.00
396.50
396.80
391.60
396.50
392.45
387.70
389.35
379.00
365.05
369.00
372.95
366.80
372.35
371.75
375.84
373.90
373.00
373.00
380.15
380.65
377.15
376.95
378.50
384.95
386.00
384.00
382.25
382.75
376.95
375.45
378.00
381.05
377.30
379.60
384.75
387.00
384.15
383.00
387.60
385.15
377.60
376.60
371.25
369.90
374.00
373.45
369.95
372.45
374.30
377.00
376.55
378.00
385.85
383.45
382.10
385.00
390.75
387.40
388.20
391.90
390.25
387.45
391.80
389.35
398.50
399.10
401.00
378.90
379.00
378.00
381.20
378.15
372.45
375.30
374.00
376.20
366.85
365.60
364.70
366.30
366.10
361.25
365.15
369.75
366.05
364.10
366.30
367.70
364.75
364.25
362.40
364.00
361.35
358.60
356.75
358.95
362.00
366.90
364.60
363.05
366.10
368.95
366.65
364.60
367.25
363.70
364.80
363.25
364.80
365.00
363.55
362.80
358.40
357.35
354.00
356.60
357.00
359.70
359.00
358.35
362.00
364.40
363.15
362.50
361.70
360.10
361.50
361.00
359.95
356.50
356.00
356.00
354.55
354.60
354.00
350.75
357.95
357.15
354.20
355.00
355.55
356.25
357.25
356.70
358.10
358.95
354.95
356.05
354.40
357.00
356.10
354.05
355.90
355.80
360.55
360.00
360.80
361.95
362.65
361.00
366.10
368.00
371.35
371.00
372.40
370.00
368.60
366.40
371.50
367.15
368.35
366.35
359.00
363.35
366.85
363.95
367.00
366.70
369.90
371.30
370.25
369.40
369.45
368.00
367.55
369.55
369.95
369.00
370.30
370.90
367.90
367.25
364.00
363.00
365.70
361.65
362.75
358.85
355.00
357.55
357.65
357.60
358.00
358.95
356.30
355.60
358.15
357.75
360.85
353.30
355.00
355.30
354.20
354.50
353.25
351.15
348.60
349.10
348.10
349.80
346.90
348.25
349.55
350.60
344.00
344.90
343.25
344.80
346.25
349.55
348.30
349.15
352.90
351.50
350.75
349.00
355.70
354.30
356.70
356.85
356.65
359.30
356.85
358.10
360.45
357.95
359.55
356.40
356.10
359.10
358.95
363.00
361.10
362.00
361.65
361.45
359.20
357.55
359.85
358.50
357.00
355.80
357.55
355.30
352.45
355.70
353.90
356.00
355.70
356.20
359.85
363.60
361.90
365.00
367.55
368.10
366.20
367.70
365.80
366.00
367.20
363.95
364.50
365.00
366.60
371.85
367.65
366.50
358.70
359.70
359.25
357.45
357.95
359.45
358.75
359.60
352.85
352.00
351.05
353.40
349.70
351.85
351.70
356.00
353.00
353.90
354.90
355.65
355.00
357.80
356.60
357.35
354.55
354.05
357.15
355.85
355.10
356.00
354.50
356.40
355.75
354.50
356.00
355.80
354.90
356.65
358.00
356.40
354.50
353.00
354.00
353.55
353.05
352.30
349.60
349.60
348.70
353.50
352.00
349.00
350.15
349.05
348.85
348.95
349.05
347.20
350.15
347.40
347.30
342.70
337.75
340.00
339.00
338.75
339.10
339.00
341.10
340.00
340.10
342.15
341.45
343.05
340.35
341.85
339.80
337.85
338.60
338.35
341.55
338.30
340.25
337.00
337.00
339.25
339.35
337.75
334.95
336.70
336.50
336.00
337.00
337.00
335.00
335.00
337.35
335.10
334.00
335.85
338.90
338.00
339.45
338.00
337.65
337.25
336.65
338.90
336.55
337.35
337.35
339.30
340.85
337.80
339.40
337.00
338.55
338.60
337.00
340.70
343.40
342.00
341.50
341.25
344.35
342.25
345.00
342.00
343.10
342.35
340.95
343.50
344.05
341.90
344.45
347.40
345.35
347.85
346.95
349.00
347.00
349.85
350.95
351.85
356.10
359.00
358.65
358.00
358.50
357.60
357.45
360.65
356.05
356.30
357.00
355.00
351.95
351.85
348.75
349.00
349.90
348.70
347.95
337.00
336.85
338.60
335.20
336.75
338.50
337.95
342.00
340.50
339.55
338.55
340.00
341.85
340.00
338.80
342.70
344.00
342.35
343.50
342.60
340.50
346.00
345.00
349.85
348.00
347.60
350.15
348.95
348.80
347.65
348.85
347.10
346.70
348.00
349.25
347.30
349.15
351.25
351.00
350.50
350.00
345.45
343.70
342.60
341.00
342.10
343.45
342.70
343.20
343.85
342.00
341.90
337.65
338.70
340.00
338.00
338.75
338.50
337.45
338.85
335.00
333.90
329.00
331.80
333.10
335.10
336.00
334.90
334.95
335.15
337.10
333.35
335.10
335.00
333.90
334.00
333.55
333.60
336.30
335.05
335.15
335.00
335.35
332.75
332.00
335.75
336.05
337.75
337.40
336.95
334.70
331.85
333.70
332.55
332.00
328.75
329.25
328.40
330.10
328.75
329.40
329.30
326.45
327.05
328.50
327.70
329.00
329.00
330.75
328.00
330.80
330.00
329.30
330.00
328.85
329.85
328.90
327.65
328.85
327.80
327.20
331.80
328.90
327.80
328.45
331.35
330.00
331.60
330.00
330.60
330.25
329.00
328.50
328.90
329.70
328.70
328.15
330.45
326.75
326.00
325.15
326.55
326.25
327.05
328.45
328.00
329.55
331.65
332.00
331.75
330.20
333.65
333.30
330.85
335.15
337.00
339.95
339.00
338.65
335.50
337.00
337.05
336.95
338.50
338.80
337.85
340.60
341.15
339.95
339.30
345.80
348.30
351.10
349.00
354.60
353.35
357.25
354.00
354.80
356.40
355.25
356.05
368.00
369.00
368.30
368.45
380.85
373.00
373.65
378.50
373.65
375.50
376.20
376.40
370.15
373.45
376.50
372.15
376.00
371.40
371.80
369.35
363.00
364.60
366.00
368.85
371.05
370.85
370.00
367.65
374.00
375.00
376.60
374.90
378.15
378.65
389.30
386.95
390.70
394.80
395.00
394.05
394.20
393.20
393.75
392.40
391.20
393.70
392.25
392.35
389.90
391.00
391.60
392.00
393.45
394.00
400.90
406.40
404.00
402.15
388.15
379.95
382.50
381.00
376.15
375.00
368.55
372.00
370.55
373.70
374.50
372.50
372.00
372.95
370.30
372.00
369.20
371.00
369.80
369.00
362.65
364.35
353.55
351.05
353.75
351.50
344.20
343.85
347.85
351.70
352.90
354.10
354.00
355.25
357.05
358.85
357.90
354.80
353.75
356.70
353.30
351.00
354.25
357.20
358.95
361.10
361.45
365.60
366.10
364.30
364.70
366.90
373.20
374.15
368.85
371.40
367.55
371.60
368.50
362.35
363.70
371.25
377.40
375.60
375.10
374.70
377.30
377.75
373.60
374.00
371.40
375.80
377.05
378.40
377.00
375.85
377.50
376.70
370.20
369.75
373.15
373.50
377.00
375.75
376.00
381.00
383.00
382.05
386.45
386.00
384.90
385.70
387.75
389.85
387.00
385.00
385.00
387.10
392.30
393.20
396.00
385.00
389.50
383.20
385.35
389.20
389.00
392.40
393.00
390.55
392.10
386.75
378.25
382.90
382.60
384.80
378.25
377.95
382.90
385.95
385.15
387.90
383.60
379.95
381.00
382.10
381.55
383.75
385.35
384.00
383.00
379.05
379.85
379.00
376.85
377.90
378.00
381.95
381.60
376.35
377.05
375.05
376.00
376.00
374.20
381.05
387.00
386.75
387.10
384.60
382.40
386.60
386.70
388.00
388.95
391.05
390.25
389.00
387.05
386.70
388.30
390.15
389.00
384.65
384.10
385.00
386.55
380.90
378.05
379.35
377.00
376.65
377.70
372.45
372.00
374.50
370.45
373.70
374.30
374.15
373.00
376.85
375.60
375.90
374.85
375.60
374.65
380.00
380.10
381.55
380.00
382.25
379.95
383.70
380.15
382.75
382.30
387.70
386.55
383.85
384.50
387.75
386.35
382.00
382.95
378.15
380.85
382.45
381.45
383.05
382.70
383.15
383.15
387.50
386.00
390.50
391.00
391.90
389.55
388.90
390.15
387.45
386.55
387.15
387.35
388.05
386.65
383.15
383.70
385.90
384.20
384.75
384.50
386.50
385.55
387.55
386.00
384.85
383.00
385.80
388.65
388.30
383.00
383.20
381.15
378.95
378.35
378.15
376.75
378.90
378.65
376.95
377.15
375.00
377.25
378.30
379.45
382.50
382.10
382.00
384.80
382.60
384.00
383.00
387.75
385.45
385.60
386.70
386.10
388.20
390.35
391.50
391.90
392.25
390.60
390.00
389.00
391.00
389.45
394.50
396.00
394.95
396.55
395.75
395.95
396.00
396.40
393.85
393.00
392.75
393.70
390.85
391.00
387.90
387.65
386.80
388.20
389.00
388.95
391.00
392.00
390.65
390.00
389.25
388.20
388.80
387.25
382.80
384.35
383.00
384.25
385.00
383.00
384.85
384.05
385.15
384.95
386.05
385.60
387.35
387.60
383.30
382.90
385.00
384.00
385.20
383.80
384.00
384.25
380.65
378.95
375.65
374.65
376.00
375.50
377.15
377.20
379.45
380.10
378.25
379.30
379.00
380.00
381.00
382.70
380.95
382.20
380.95
375.95
376.55
374.90
371.15
374.00
375.50
380.55
378.95
378.10
381.90
381.50
385.00
382.20
380.95
381.25
382.30
378.15
375.65
373.75
376.10
376.60
376.90
374.00
375.45
373.95
375.00
376.15
375.05
374.90
376.20
377.80
378.00
378.40
378.65
378.00
378.30
377.25
374.00
375.80
376.10
376.35
379.00
381.25
380.00
379.85
381.45
384.55
384.80
385.95
383.00
383.15
383.35
382.00
382.20
384.60
380.95
381.65
384.10
383.90
392.00
392.30
392.00
393.00
392.90
394.15
389.85
389.55
390.20
388.70
393.80
394.85
392.15
390.00
390.85
389.50
388.85
385.75
389.00
387.00
389.00
388.70
389.85
390.00
391.55
387.00
382.35
384.20
383.55
384.45
384.95
383.20
382.10
383.10
380.55
381.45
384.20
385.95
385.80
385.00
383.70
384.75
384.65
382.25
383.90
385.95
386.15
386.90
387.50
386.25
387.10
389.00
390.80
389.70
391.40
390.00
390.00
388.65
389.85
390.00
388.75
387.00
388.05
384.70
384.55
384.40
385.20
386.10
387.05
385.65
385.85
389.00
388.00
388.50
391.00
387.00
385.30
385.00
387.70
386.80
385.00
382.60
382.90
383.75
383.25
382.80
384.15
384.35
383.40
384.80
383.60
384.70
382.50
384.90
383.00
382.00
383.35
383.75
382.45
383.05
380.95
380.75
379.65
379.20
381.25
383.00
382.15
384.15
384.55
385.80
386.00
385.90
385.05
383.45
383.00
382.25
383.30
384.80
383.65
383.65
383.95
381.95
381.35
383.60
382.35
385.00
385.10
383.45
384.40
383.10
384.05
384.60
383.00
381.30
381.00
382.00
381.50
382.70
383.40
382.15
383.00
382.70
382.50
382.25
384.80
385.75
385.00
388.00
387.10
386.15
384.05
385.35
385.80
387.00
386.00
384.10
381.00
383.45
385.25
390.05
388.95
387.00
385.05
385.60
385.30
388.75
388.70
387.70
388.90
388.35
388.35
385.20
385.25
386.00
389.15
387.00
388.35
385.90
386.45
388.95
393.30
393.75
395.90
395.65
394.05
399.95
399.00
399.15
396.30
398.80
397.70
396.30
400.30
402.45
403.30
402.05
407.65
405.20
407.30
404.70
409.65
413.45
414.65
411.20
413.95
409.10
406.90
405.20
403.90
404.00
403.50
404.85
404.30
403.45
397.40
400.25
399.50
399.10
398.55
397.00
399.95
399.00
394.45
394.65
393.45
393.70
395.55
395.75
397.30
396.80
396.35
395.30
395.25
395.10
396.00
398.65
397.90
399.40
400.00
397.45
395.50
393.80
394.15
394.45
393.00
397.15
394.40
393.00
394.00
392.00
393.45
390.00
390.90
391.40
392.15
390.85
390.00
394.00
390.00
389.95
390.00
391.05
392.85
394.95
394.85
394.30
395.05
391.85
392.60
391.05
389.80
392.35
391.00
391.15
390.35
390.00
391.30
391.30
392.10
389.00
391.00
391.60
389.55
386.50
385.00
386.30
386.80
384.00
385.90
383.95
384.45
385.45
384.20
387.15
384.50
384.00
385.30
383.95
384.60
382.00
382.55
382.45
381.05
381.70
381.95
382.50
381.90
383.90
383.10
382.15
382.90
382.30
383.25
382.30
384.00
385.55
383.55
384.70
384.65
383.60
386.10
383.45
385.80
386.00
386.50
386.00
389.55
387.80
388.50
387.00
387.15
388.30
387.75
385.45
386.00
385.95
387.60
387.45
386.30
387.20
388.20
390.05
387.30
387.80
386.90
387.50
387.20
386.45
384.90
386.05
385.15
383.00
382.30
381.85
382.85
382.43
384.35
383.41
383.10
380.70
381.00
382.30
381.35
379.75
381.50
378.20
378.15
378.97
377.65
380.15
378.24
383.00
381.75
380.20
381.40
382.30
379.90
381.05
380.60
383.00
382.65
384.20
381.45
382.20
382.00
380.05
379.10
378.30
378.35
378.00
377.45
378.00
377.75
379.40
382.70
384.00
383.85
380.45
378.20
377.35
377.95
377.95
378.15
375.50
373.20
373.95
372.25
372.40
371.00
366.80
371.80
369.30
371.10
369.00
368.00
368.65
367.50
369.25
367.55
369.05
367.85
368.05
369.05
368.90
368.20
369.00
368.20
366.80
364.50
357.90
358.00
356.10
356.40
358.90
358.00
356.80
354.65
353.05
354.65
354.00
354.00
350.25
349.10
352.85
350.85
349.25
346.30
345.05
345.00
342.35
342.00
340.90
341.30
340.20
336.65
342.00
341.40
344.85
345.00
346.00
345.95
353.00
352.95
353.20
354.25
361.05
359.10
362.25
353.70
352.35
349.00
349.00
352.00
352.35
351.00
352.00
351.00
345.85
348.30
352.00
352.80
349.15
349.00
345.25
347.40
349.50
351.05
348.90
347.40
348.60
348.25
348.00
347.60
349.05
345.65
343.65
338.65
340.45
343.00
342.00
342.55
342.20
341.60
342.85
340.25
340.50
340.00
339.50
340.25
342.60
341.10
344.75
344.80
347.35
349.00
349.45
346.00
344.40
340.15
342.00
343.10
343.15
342.30
342.65
343.00
344.20
344.35
344.50
344.05
341.15
340.00
345.25
343.55
344.40
344.05
341.00
341.45
341.95
342.70
341.00
340.05
338.00
337.90
337.90
337.25
335.55
334.45
334.00
332.90
332.20
323.75
318.30
320.05
318.40
320.25
320.05
321.00
319.75
318.45
318.15
323.50
325.70
328.25
324.25
321.00
325.15
325.75
326.00
327.80
327.55
324.10
323.85
321.15
319.75
322.10
323.80
328.90
326.40
326.90
327.05
324.65
323.30
323.45
322.35
322.95
326.65
324.00
327.00
324.10
325.25
322.20
320.75
322.20
320.50
320.60
322.60
321.00
322.00
322.10
322.30
320.30
320.35
321.80
322.00
321.25
322.05
322.30
325.80
327.00
325.90
332.55
338.40
333.30
330.45
333.25
331.20
333.00
333.15
328.15
329.15
326.70
325.75
326.45
324.55
324.40
324.00
322.40
324.65
321.00
312.00
311.35
312.00
315.80
311.25
313.80
314.90
312.35
310.80
309.95
311.95
307.05
308.00
302.00
303.25
303.85
304.80
302.00
304.00
305.05
300.40
296.00
297.10
296.35
294.40
295.00
292.30
289.95
288.00
286.55
282.45
286.25
284.00
282.40
283.35
285.00
286.85
289.55
289.45
291.00
297.60
292.20
289.30
288.00
287.35
283.60
281.80
281.90
278.00
279.80
279.15
282.00
289.95
287.25
288.45
290.00
294.60
292.05
302.30
299.30
301.00
302.15
303.60
301.60
297.00
298.50
298.50
299.65
300.25
299.00
298.60
298.50
298.80
298.25
299.30
297.00
296.90
297.60
295.00
290.00
292.00
293.55
297.80
300.00
297.05
295.60
293.70
294.45
294.05
294.50
294.50
294.80
294.95
293.80
291.10
291.00
293.65
292.00
300.80
298.35
299.00
301.55
303.00
300.95
302.05
299.45
306.45
311.60
308.85
308.00
308.50
309.95
307.00
306.00
309.00
308.05
308.40
311.80
312.60
313.15
309.25
308.55
307.75
311.55
305.00
303.05
301.20
299.00
299.05
300.55
299.15
296.00
301.45
301.40
300.15
299.00
300.80
298.00
293.55
294.00
293.40
288.95
292.05
291.00
291.60
290.40
290.90
298.40
291.75
291.15
288.00
286.60
288.00
290.65
292.00
299.00
294.00
294.00
294.05
294.35
294.05
292.60
295.90
297.30
294.00
294.70
294.50
294.70
292.75
291.00
291.70
291.00
293.00
293.40
294.05
294.00
295.85
295.00
294.30
292.30
294.55
289.45
290.25
289.65
290.65
288.00
285.10
285.15
288.00
287.25
285.85
285.05
285.60
284.70
282.30
283.50
284.00
284.00
284.25
285.40
284.45
284.45
282.90
283.75
279.75
272.85
278.35
280.00
278.00
284.20
289.00
284.30
284.50
290.00
293.00
290.75
289.45
290.35
290.85
292.35
288.65
287.00
293.25
297.00
294.90
296.00
293.20
299.00
300.10
299.80
294.00
298.55
300.60
299.75
295.85
294.30
298.75
297.25
298.00
295.70
296.30
294.00
292.20
292.35
293.70
292.70
294.00
291.90
292.55
289.00
289.75
291.60
292.40
291.10
291.70
293.00
293.00
297.55
294.25
293.00
297.55
296.00
295.25
296.65
295.90
297.30
295.00
297.30
295.00
292.40
293.05
291.90
292.40
294.40
294.50
293.00
294.00
290.55
292.15
292.00
294.70
292.00
291.65
290.20
288.35
285.20
285.85
286.60
288.55
288.00
289.95
290.80
291.10
290.25
285.70
285.00
286.05
287.95
287.65
286.60
288.85
286.45
288.20
287.00
283.90
283.40
284.00
287.70
287.75
287.45
287.00
289.45
288.00
287.00
288.35
287.20
288.40
289.95
286.25
284.75
284.50
286.00
287.40
286.55
285.00
288.25
286.00
288.00
286.00
287.05
287.00
289.20
293.65
291.30
294.55
293.00
289.60
283.95
284.40
283.00
282.50
285.55
285.15
283.55
283.25
278.00
281.00
278.35
279.10
279.00
279.55
279.75
280.00
279.80
284.40
284.50
283.00
283.00
284.80
284.70
284.15
282.55
283.80
281.15
280.55
283.60
282.50
287.45
284.35
284.80
287.20
283.55
277.30
279.35
277.60
277.00
275.80
275.55
275.85
271.35
273.70
272.70
271.70
270.05
268.80
268.20
267.10
266.20
264.20
266.55
265.00
263.10
260.35
259.05
260.30
261.40
260.00
257.55
257.70
257.75
258.60
258.00
259.30
260.35
261.60
259.25
262.00
261.70
263.00
263.35
261.90
258.15
256.00
256.05
253.55
255.00
252.75
256.00
253.00
253.70
255.55
253.70
256.55
252.50
253.40
253.90
254.80
256.50
256.40
256.00
255.30
255.40
257.00
256.00
257.10
261.35
259.00
259.25
258.75
261.30
258.35
258.30
254.00
254.00
253.15
252.15
259.50
256.80
254.55
252.00
253.65
254.00
253.60
254.00
253.60
254.50
255.65
255.25
255.40
257.85
254.95
256.05
256.00
257.25
263.95
268.80
283.00
302.70
306.80
300.15
308.75
312.10
326.00
318.50
322.25
323.15
318.00
319.70
320.00
322.00
316.70
310.95
308.35
302.70
301.45
303.25
296.60
290.00
297.40
299.30
291.70
290.45
289.80
290.00
290.85
287.00
291.25
296.90
296.80
292.40
291.40
293.00
292.00
294.85
292.00
294.85
298.05
298.60
299.30
296.00
292.15
291.40
290.05
285.55
283.50
276.65
280.50
279.90
279.05
281.25
278.00
279.40
280.50
280.35
284.10
283.35
283.45
286.55
288.30
288.00
290.15
289.75
290.00
282.95
282.85
280.15
282.00
280.85
282.00
281.80
283.20
284.15
283.70
288.10
287.95
287.55
287.60
287.10
288.70
285.90
286.85
287.10
281.80
282.25
284.45
286.00
316.10
303.35
306.00
311.95
317.55
309.20
307.60
300.00
305.00
303.25
306.90
306.65
304.75
299.00
297.50
292.40
295.05
294.25
289.75
289.10
288.50
287.85
293.55
289.45
292.20
288.80
291.35
287.90
289.00
286.00
284.85
284.95
290.45
286.70
285.20
285.25
281.25
278.75
275.70
275.35
277.95
277.00
284.00
277.75
280.35
281.25
280.25
281.30
280.90
281.40
283.40
281.10
281.00
280.80
279.50
278.65
276.30
276.60
276.20
278.70
278.00
280.90
277.45
277.00
278.15
277.60
277.45
275.35
275.30
271.85
274.75
274.55
275.60
273.20
272.40
270.00
273.95
272.60
273.55
273.70
281.65
285.05
286.70
285.55
283.90
284.90
294.20
285.65
290.00
291.45
288.50
285.15
285.55
286.65
285.85
282.35
284.05
287.10
291.85
290.00
287.80
287.85
286.80
285.00
285.25
283.00
283.55
282.00
279.50
280.00
282.30
283.50
281.00
279.10
281.25
280.30
278.20
279.00
280.20
278.85
277.30
276.00
277.40
275.85
273.90
272.85
273.00
273.25
273.45
275.70
274.35
276.55
278.40
276.50
273.55
271.85
271.30
273.00
275.00
272.65
276.20
276.55
275.00
273.65
271.15
273.65
272.50
274.65
273.45
273.10
271.85
273.00
271.85
270.95
269.30
273.75
271.80
274.75
276.65
277.40
274.00
273.35
271.70
271.60
269.00
270.95
270.00
271.35
273.40
274.45
273.55
271.00
270.15
272.50
269.00
270.70
271.35
271.40
267.60
265.85
263.65
265.70
264.70
266.20
264.00
265.05
265.00
264.45
264.45
264.00
265.00
265.00
263.70
264.95
267.85
265.00
267.05
267.15
265.35
267.30
270.45
268.00
268.00
270.15
270.80
271.00
271.70
274.65
272.40
271.75
271.70
269.00
270.55
270.65
270.90
270.35
273.20
273.90
274.30
274.50
271.65
270.95
266.65
265.95
266.60
263.35
268.20
265.10
263.15
264.85
264.25
264.00
265.25
264.20
266.45
265.15
263.75
263.00
262.00
264.00
265.85
263.90
268.55
267.00
265.45
263.00
263.00
259.45
260.00
261.00
260.65
258.90
257.80
260.70
256.15
256.70
259.55
261.65
262.85
268.25
266.85
265.30
262.55
262.85
261.75
260.75
263.70
268.70
273.00
269.10
269.05
263.25
261.30
261.50
261.00
261.00
261.50
262.50
261.00
261.65
260.80
259.20
256.60
255.95
257.70
259.25
257.30
259.65
259.15
256.00
257.80
258.15
261.80
258.65
262.75
264.80
263.00
263.30
264.90
262.45
265.00
264.90
262.85
264.60
266.00
266.70
265.25
266.15
269.35
268.75
269.20
271.95
273.15
271.75
290.00
285.35
284.00
286.60
275.00
267.45
265.10
265.75
265.15
265.40
264.00
265.95
269.70
269.35
272.05
273.65
272.00
272.00
272.55
270.40
270.65
274.15
273.00
273.10
273.00
270.20
271.45
269.25
267.85
265.65
263.85
266.35
266.75
267.70
266.65
266.70
267.60
267.30
268.20
271.15
269.55
269.80
269.75
268.55
267.40
266.40
266.50
266.00
268.55
267.65
266.70
265.85
266.10
271.05
274.45
275.90
274.90
276.20
275.85
276.90
277.00
276.00
275.00
275.80
271.90
271.95
270.00
273.70
272.00
271.95
272.90
272.00
272.35
274.80
271.15
285.95
279.85
281.05
284.95
292.55
290.25
287.00
287.00
291.30
286.95
287.90
290.45
289.40
293.00
290.85
290.80
290.60
289.30
290.75
292.00
290.40
286.80
280.65
281.25
281.00
281.30
282.00
279.65
276.25
276.80
274.25
277.10
277.20
277.35
281.00
278.75
281.20
279.05
279.15
279.55
281.70
279.20
276.25
281.55
276.40
276.45
276.70
276.60
274.55
274.00
273.00
273.90
273.70
271.00
274.10
274.20
273.00
275.45
277.00
277.05
274.10
273.60
273.15
272.10
271.55
273.00
274.35
276.40
277.75
279.25
277.60
275.75
277.00
278.00
277.40
275.00
276.00
277.75
277.95
277.00
276.95
277.85
277.50
287.95
286.00
286.70
285.20
283.50
284.35
282.00
281.10
281.30
281.15
278.80
279.50
278.05
277.10
280.50
283.15
286.80
292.65
300.00
299.60
304.00
298.95
298.55
296.50
298.00
299.80
297.55
297.20
290.35
291.80
292.20
291.65
293.80
296.85
295.35
297.80
298.00
293.00
291.85
290.20
290.55
292.95
293.15
291.90
289.10
292.00
292.20
291.15
292.35
294.55
297.70
297.00
298.00
300.65
304.85
303.10
301.20
299.85
300.00
299.00
298.90
301.10
301.10
298.85
298.75
301.55
303.45
301.85
303.90
303.95
308.45
305.90
308.80
307.00
308.90
307.70
310.85
310.95
312.45
310.85
308.25
312.00
311.10
307.60
308.65
310.60
309.85
311.00
314.35
316.75
319.00
320.00
327.65
325.30
325.75
326.15
326.35
321.90
324.80
327.55
323.75
316.15
321.00
318.40
322.45
318.00
318.50
323.45
322.60
326.50
321.00
321.05
318.40
317.35
313.35
314.90
311.80
315.70
313.80
314.35
314.50
317.00
319.30
317.45
317.35
318.60
323.20
321.85
319.00
310.55
309.00
304.15
303.65
305.00
305.00
301.85
305.80
309.90
305.95
311.10
311.15
314.00
316.40
314.45
316.45
313.00
315.25
309.85
306.90
305.95
304.60
306.10
311.10
310.20
313.30
313.15
311.80
316.95
318.15
322.80
318.00
314.45
319.20
319.30
314.00
316.85
317.55
321.10
322.10
321.85
326.30
325.00
320.60
319.80
324.90
322.00
322.95
321.90
319.80
318.00
319.95
317.70
317.45
316.00
313.65
311.60
313.35
313.60
312.50
313.00
311.55
312.00
315.40
317.60
315.70
316.90
320.40
317.15
317.85
318.00
320.00
321.05
322.00
325.25
319.85
318.95
320.10
318.10
317.00
317.55
317.05
316.85
318.65
319.60
315.95
320.50
321.90
323.30
325.45
326.25
323.95
323.95
326.90
345.85
341.60
343.00
346.20
349.00
347.00
342.00
343.15
350.90
348.25
350.15
352.40
352.30
353.40
354.00
351.00
351.10
358.00
356.15
353.00
359.00
366.00
369.20
367.70
369.90
368.00
367.70
368.25
377.45
382.90
376.55
373.40
370.85
365.00
357.10
354.40
346.40
345.05
347.20
351.05
353.40
355.20
358.55
350.95
350.15
347.05
346.30
353.75
353.40
353.70
351.00
354.00
344.00
333.50
335.35
339.60
338.45
335.65
337.00
334.15
330.00
332.30
329.20
333.05
329.85
334.95
335.60
328.30
324.30
323.00
319.85
323.00
320.40
324.50
325.00
325.75
324.25
323.00
326.70
326.00
334.00
333.00
334.30
333.15
332.50
332.45
335.85
340.35
340.10
341.35
343.60
342.55
346.45
348.10
350.15
350.05
352.30
354.55
354.60
360.15
366.50
368.00
369.00
371.00
372.45
360.00
364.25
361.00
365.00
365.45
362.95
367.75
362.00
361.00
355.20
353.00
351.00
351.95
358.00
362.15
359.00
358.50
358.75
354.55
348.90
342.80
345.00
350.45
350.00
349.85
347.25
346.00
343.60
344.00
343.75
346.70
348.45
342.30
342.00
344.40
350.80
351.30
353.55
356.15
362.35
366.60
363.55
358.00
353.90
353.20
349.35
348.25
353.25
351.00
353.00
360.30
359.10
357.00
364.25
360.70
359.70
364.20
363.00
360.00
361.20
370.95
375.40
375.35
373.70
370.10
370.60
376.60
374.60
382.45
381.25
377.50
377.55
373.50
375.05
374.85
377.20
380.85
384.50
384.65
390.90
382.30
383.40
388.30
384.65
381.05
385.00
370.10
374.70
370.95
371.70
370.60
374.35
370.25
372.55
378.30
384.45
383.90
387.90
385.05
383.40
386.65
385.50
385.85
384.00
377.65
378.35
379.65
379.25
382.45
387.05
389.80
397.40
394.20
392.00
395.10
392.00
392.50
397.15
397.30
397.15
399.00
400.30
410.90
401.15
406.00
408.50
409.10
408.10
408.55
407.00
407.15
406.90
410.70
409.00
408.45
411.25
416.30
420.60
425.00
420.70
422.75
425.60
418.40
408.30
406.85
409.40
408.90
409.50
409.20
405.00
410.50
406.35
400.00
397.60
401.00
399.60
398.80
403.35
408.15
407.00
412.70
411.65
413.85
414.55
408.00
406.40
400.00
402.60
392.40
396.25
399.95
395.65
390.00
392.00
399.50
400.00
400.40
399.20
399.00
398.10
398.40
401.30
403.30
410.40
412.05
416.60
417.50
415.15
416.45
421.00
420.00
419.65
423.50
426.85
419.25
418.00
419.40
418.00
419.80
419.10
397.00
397.00
400.65
402.25
395.80
392.25
393.35
397.00
392.10
386.55
387.45
390.60
392.85
387.00
375.60
375.00
382.00
375.50
382.25
377.00
379.70
379.05
386.45
383.00
389.85
389.00
393.50
393.35
396.30
394.00
390.00
388.00
393.50
392.00
385.75
385.90
384.50
386.15
386.50
385.75
386.20
395.65
395.25
395.75
400.65
411.00
403.90
395.00
396.10
394.00
397.00
398.25
394.05
400.65
404.00
407.75
407.20
400.00
404.40
402.75
406.90
405.55
399.35
398.50
397.05
392.50
390.75
386.00
389.45
392.00
392.70
391.80
391.00
391.95
398.40
398.30
400.35
392.85
393.05
397.85
402.35
401.15
403.45
407.25
410.40
411.00
405.00
405.15
407.25
404.40
407.05
407.45
405.55
401.45
400.50
397.95
395.15
398.00
402.25
404.00
403.65
406.85
404.10
408.90
405.00
410.00
408.00
410.25
412.00
415.35
418.85
413.65
416.30
418.00
418.85
421.90
414.95
411.95
414.90
419.50
419.90
419.80
424.60
422.80
422.25
429.90
426.00
429.45
424.30
425.55
428.00
425.10
424.35
430.25
430.40
432.45
434.15
432.25
433.90
435.15
436.85
440.60
444.45
440.95
445.40
447.65
447.55
452.10
451.80
452.30
453.00
453.25
453.30
448.00
453.40
452.80
435.85
436.70
432.00
435.45
435.90
440.05
439.00
443.00
441.15
439.00
441.25
435.25
429.00
425.65
423.60
421.25
419.05
420.25
426.95
422.75
421.85
422.65
420.95
424.65
423.00
423.30
427.35
425.30
425.55
423.45
427.40
420.95
420.30
422.10
415.95
415.50
411.70
410.10
416.45
419.00
424.00
424.55
422.00
427.30
427.50
426.00
432.05
433.15
433.95
435.00
434.80
432.85
432.15
429.70
433.00
432.90
439.50
439.75
442.55
442.00
440.80
444.15
439.60
436.80
433.25
432.95
424.95
426.15
425.55
424.00
426.00
427.00
426.00
423.25
424.60
425.10
427.75
426.05
428.85
428.55
426.60
424.20
424.60
426.75
427.00
433.85
434.75
433.45
437.00
435.30
433.10
436.60
427.70
428.80
430.00
426.40
426.00
426.55
426.10
424.35
420.60
418.40
419.70
420.45
422.00
417.40
419.25
418.95
418.00
417.30
419.00
413.95
416.15
421.45
422.30
425.25
423.00
424.75
421.80
423.45
429.40
427.70
429.45
431.75
437.55
435.15
436.50
440.00
440.90
440.00
436.00
434.95
438.20
432.90
428.00
424.70
422.40
424.20
423.00
425.00
425.85
424.35
425.15
417.15
422.00
420.20
421.80
423.75
425.00
426.00
423.65
424.20
426.90
429.50
431.00
430.65
435.20
437.80
439.30
436.00
432.00
437.00
441.00
447.90
442.40
441.90
442.00
440.55
440.00
439.25
439.25
439.95
440.00
436.95
429.80
432.00
438.40
444.75
445.50
444.65
445.70
448.40
448.15
449.35
444.45
449.40
454.00
457.05
464.95
465.00
468.75
466.00
463.50
462.95
462.95
463.65
473.00
473.20
467.10
468.30
464.70
472.15
472.35
472.15
476.25
470.20
465.10
475.25
472.15
466.65
465.00
462.05
466.30
471.25
472.00
475.55
471.65
470.00
458.80
462.15
460.00
456.90
461.85
462.25
468.25
467.25
466.75
468.00
475.00
484.95
486.60
489.95
493.20
487.55
494.30
494.80
494.00
495.60
496.65
500.85
502.65
504.60
503.25
516.65
516.55
526.20
536.00
523.05
509.70
507.00
508.00
508.45
502.65
488.50
500.05
517.50
513.60
529.10
530.00
524.00
535.65
541.00
544.30
544.00
541.65
547.95
562.55
553.00
545.75
554.00
568.15
555.75
556.00
562.50
555.00
562.00
565.85
569.95
568.45
571.95
569.65
569.45
559.75
549.00
560.30
557.05
549.60
539.00
540.00
539.05
552.30
554.65
554.80
554.20
550.20
554.00
553.15
557.05
563.90
562.00
565.85
564.40
554.00
544.55
549.00
534.60
544.00
545.25
557.00
552.75
553.90
556.20
548.25
551.90
545.30
557.10
564.15
567.35
565.20
583.80
581.65
586.45
587.45
587.00
593.60
589.00
597.20
598.00
597.00
593.70
613.85
624.30
624.90
622.80
621.40
634.25
634.30
638.95
643.00
660.20
672.60
674.75
677.75
676.60
690.00
700.70
716.45
725.60
686.40
692.00
699.40
694.70
652.30
652.50
666.65
648.20
643.25
642.55
661.50
652.90
624.30
633.00
641.00
626.60
618.40
614.40
615.85
610.30
587.45
567.75
568.00
574.65
571.50
568.15
574.00
584.00
578.80
583.10
589.25
582.75
590.15
613.00
623.00
623.25
623.00
626.75
631.35
627.00
629.65
650.00
648.30
662.05
653.35
644.25
640.00
643.25
632.00
606.00
618.00
613.15
638.20
637.00
631.65
637.00
654.40
645.15
651.45
650.00
645.85
649.25
643.60
645.00
624.50
625.10
628.55
626.30
614.65
624.50
623.00
629.35
624.00
621.65
613.15
623.00
620.15
625.55
637.90
634.50
620.00
611.25
588.45
591.00
590.00
583.50
572.60
580.00
583.00
579.10
579.60
589.05
583.90
591.45
594.70
603.00
598.50
600.80
582.50
573.25
572.65
560.00
574.40
571.00
572.85
571.85
586.55
595.15
590.05
593.90
596.55
596.00
582.05
574.55
580.30
596.60
595.00
608.20
604.70
614.65
620.00
622.00
626.90
625.10
622.05
625.35
630.10
624.65
625.95
617.75
623.70
619.00
625.50
624.00
632.90
630.35
640.05
637.55
636.15
636.65
645.80
649.90
646.00
645.00
637.00
627.00
626.85
624.40
628.30
622.85
614.85
621.00
620.15
620.00
628.65
632.85
638.50
643.30
629.25
610.75
608.25
610.70
609.05
611.15
618.00
626.95
627.20
625.95
635.50
630.05
640.25
641.00
652.25
645.90
644.45
644.85
649.85
660.00
646.50
649.50
652.90
653.80
656.05
664.50
665.60
668.65
668.60
665.05
664.10
671.75
664.40
661.70
675.40
682.70
686.45
664.20
670.70
652.00
637.45
645.00
647.60
653.80
651.15
647.45
650.30
642.00
648.00
654.45
656.10
657.75
658.50
663.90
656.60
664.00
664.65
667.45
659.85
662.05
658.20
664.65
673.40
672.65
676.30
677.45
677.70
682.65
687.60
689.00
687.95
681.00
688.20
687.65
683.40
673.00
677.30
676.00
672.85
669.95
673.85
687.90
685.35
683.55
673.25
668.75
670.00
669.35
668.20
657.40
656.00
657.70
661.00
661.60
659.00
655.05
660.25
651.55
659.15
667.05
669.90
670.45
670.45
667.70
656.00
651.20
646.20
646.60
653.80
652.05
657.25
655.90
656.45
650.85
653.00
652.00
647.75
641.20
649.85
655.30
655.30
655.15
650.35
649.00
662.20
661.00
662.85
666.85
667.40
664.95
666.25
666.20
674.90
681.00
681.45
684.30
675.00
671.05
659.85
662.30
664.00
664.90
666.00
671.20
672.75
668.75
675.20
663.30
668.15
668.00
668.35
666.15
662.00
657.95
658.00
657.85
659.65
661.35
661.70
666.55
664.00
667.20
671.40
672.20
679.00
679.40
687.45
701.30
704.05
705.40
706.00
705.05
717.60
719.00
713.95
724.00
734.55
737.50
729.30
728.60
735.15
743.00
743.40
731.70
729.00
724.45
736.15
733.05
736.00
741.20
749.00
749.80
759.55
757.90
762.30
764.10
763.50
750.20
757.10
757.20
767.60
779.75
789.15
783.80
790.75
789.75
797.45
804.40
822.00
834.05
841.00
831.35
803.00
803.90
814.50
793.75
788.60
778.75
794.25
798.25
803.55
816.00
830.60
810.30
800.85
793.50
782.55
784.90
798.45
793.15
801.35
792.65
810.25
808.90
813.85
799.00
788.25
791.35
803.00
800.00
795.30
810.10
827.95
834.25
845.80
859.60
855.00
858.55
873.00
876.00
883.85
901.85
913.00
890.00
887.15
882.75
871.60
874.20
887.90
908.60
918.20
921.15
925.65
919.55
923.75
914.20
894.75
887.10
903.80
900.00
916.45
917.30
916.60
898.35
906.00
903.40
922.85
919.40
945.00
943.00
936.00
936.15
960.70
960.35
971.25
989.35
985.00
975.10
977.30
973.65
968.55
970.65
975.75
993.95
1002.65
1010.00
1005.00
958.10
925.45
926.00
947.00
948.00
934.25
934.00
887.75
889.00
897.55
904.25
925.75
914.00
916.35
929.00
927.60
927.65
930.25
943.90
944.80
908.25
918.00
917.05
899.10
894.40
890.65
889.65
879.15
872.00
852.95
854.55
881.25
867.10
877.40
877.00
884.30
865.20
866.00
882.45
896.00
905.85
914.45
922.15
922.00
927.50
906.00
902.75
882.00
885.80
888.80
880.25
883.85
879.70
889.90
896.80
878.95
875.00
861.00
865.55
888.25
882.20
887.30
902.40
907.90
881.60
888.00
883.00
908.35
919.00
930.00
936.65
936.10
934.15
931.00
916.90
919.00
927.25
939.90
962.50
967.50
986.00
978.15
965.35
959.05
960.75
961.85
926.00
928.90
920.60
916.00
898.15
918.20
912.00
906.55
881.00
880.00
871.45
851.00
852.20
817.15
819.60
818.90
787.55
795.90
788.35
816.30
832.45
824.05
827.15
827.00
839.05
833.00
823.25
799.00
802.60
805.20
808.05
783.00
775.00
741.00
750.15
774.00
779.15
813.00
864.05
868.65
888.00
899.20
895.00
889.00
901.60
903.85
885.00
878.85
852.85
826.00
875.00
876.95
904.55
883.00
899.70
830.55
833.40
848.20
803.25
785.60
794.05
772.00
744.00
720.25
712.10
729.85
730.50
764.30
754.70
731.00
730.70
742.25
753.85
754.20
751.80
732.50
725.00
714.15
748.70
733.15
738.40
761.45
738.45
774.65
822.00
821.05
813.30
813.00
815.10
779.90
765.95
772.50
748.95
766.40
766.60
802.80
826.95
825.75
826.65
838.95
869.75
854.80
835.65
848.75
843.60
879.90
870.70
874.85
853.50
847.00
847.30
856.05
847.10
827.90
825.30
821.00
810.05
832.70
833.00
853.85
849.15
859.45
874.65
909.05
898.55
896.05
892.70
920.05
918.00
904.20
905.05
919.45
894.50
910.00
937.05
942.20
936.40
943.00
964.90
980.55
988.05
986.35
983.60
978.90
936.50
952.70
938.35
913.25
908.75
912.00
936.85
924.15
900.25
898.75
926.10
928.05
919.05
914.45
894.50
956.75
954.85
950.40
922.85
929.20
938.65
923.50
928.75
917.45
923.00
898.20
906.05
870.30
879.95
878.85
880.55
886.45
891.00
880.90
870.00
877.65
888.60
887.15
896.50
907.00
906.40
891.30
897.05
883.65
885.00
909.35
909.40
911.40
905.85
913.75
917.70
924.20
925.00
929.05
922.05
925.55
940.05
937.65
960.80
944.95
951.15
958.00
976.35
982.05
978.00
975.55
971.65
961.00
944.00
956.90
953.75
948.15
936.60
932.00
933.00
930.40
939.40
934.55
920.30
920.35
933.05
936.00
941.60
934.25
934.45
938.75
928.95
931.00
923.95
923.05
917.20
910.75
912.50
907.40
924.10
939.05
935.00
936.85
952.00
946.00
948.50
949.65
951.55
955.40
945.40
931.60
932.85
938.25
958.95
960.95
959.35
964.00
955.00
944.00
942.55
948.45
952.45
953.70
933.85
935.05
943.45
941.05
952.65
950.00
950.45
940.45
942.00
955.30
954.00
963.95
984.10
990.00
992.10
1001.00
999.55
991.75
1009.30
998.00
996.65
1016.70
1018.25
1012.85
997.80
1015.00
1010.00
1010.00
992.40
992.00
989.50
996.00
1004.60
1002.85
1006.25
1037.90
1040.00
1044.85
1052.00
1059.80
1058.75
1058.00
1054.25
1047.05
1049.60
1053.00
1052.45
1060.50
1053.00
1037.65
1030.85
1039.45
1040.00
1062.05
1061.20
1090.55
1090.00
1096.65
1105.85
1101.40
1115.25
1113.60
1104.00
1130.65
1135.50
1147.80
1136.40
1140.00
1170.00
1162.00
1180.00
1183.15
1167.10
1175.80
1191.80
1213.20
1207.70
1189.25
1141.25
1145.90
1141.50
1128.00
1124.00
1123.25
1122.85
1137.35
1117.55
1105.10
1104.60
1083.50
1086.45
1106.20
1086.50
1122.40
1124.40
1130.60
1130.10
1125.75
1153.25
1151.95
1128.00
1138.00
1127.50
1134.05
1132.30
1121.00
1107.75
1084.00
1094.40
1093.15
1094.55
1086.85
1078.00
1086.70
1110.75
1114.45
1084.15
1059.15
1062.85
1070.00
1069.90
1076.45
1082.45
1099.10
1115.25
1118.80
1117.75
1111.55
1115.45
1106.10
1103.30
1094.25
1107.00
1114.00
1126.50
1135.50
1134.55
1134.15
1125.55
1116.25
1121.00
1104.25
1107.30
1104.20
1124.95
1120.75
1122.75
1104.80
1098.00
1100.75
1091.15
1093.90
1096.60
1107.75
1107.45
1115.20
1124.30
1132.70
1142.40
1147.75
1152.50
1159.20
1148.85
1154.30
1154.65
1151.45
1136.75
1144.40
1144.00
1134.45
1139.90
1154.15
1150.60
1161.00
1166.80
1179.75
1185.00
1164.40
1185.25
1202.00
1196.00
1222.45
1236.85
1236.35
1237.70
1236.85
1195.00
1193.15
1180.55
1187.40
1198.40
1213.15
1211.45
1208.00
1226.00
1216.00
1214.15
1204.15
1215.40
1245.40
1233.10
1218.15
1221.05
1224.00
1226.15
1233.65
1246.25
1255.00
1253.25
1236.05
1225.95
1237.50
1253.75
1260.15
1233.60
1244.50
1234.75
1200.45
1208.00
1194.00
1194.00
1193.40
1207.55
1204.35
1215.25
1205.80
1208.45
1188.40
1180.00
1183.35
1192.65
1200.55
1191.20
1183.00
1168.00
1157.00
1162.85
1168.95
1188.05
1187.95
1199.00
1192.90
1208.80
1203.15
1192.90
1205.00
1211.75
1214.55
1223.15
1225.50
1218.00
1233.50
1223.15
1226.95
1221.00
1238.35
1236.05
1236.10
1245.45
1245.35
1241.00
1249.90
1256.30
1256.15
1254.90
1246.00
1243.25
1266.20
1266.30
1272.90
1274.65
1278.75
1273.80
1293.80
1291.05
1298.05
1298.05
1293.40
1308.45
1307.00
1316.75
1314.25
1330.80
1346.80
1344.65
1342.70
1352.70
1347.50
1365.60
1372.05
1368.10
1367.60
1338.65
1339.55
1344.00
1322.00
1336.65
1328.00
1323.65
1332.00
1346.20
1355.40
1351.40
1345.50
1380.00
1396.35
1388.15
1420.05
1390.10
1397.25
1388.60
1369.75
1348.20
1336.55
1350.00
1343.00
1357.20
1377.35
1372.00
1373.55
1355.00
1356.00
1384.25
1384.70
1390.10
1403.50
1416.00
1421.20
1386.00
1392.10
1375.40
1399.00
1394.50
1388.25
1364.25
1368.95
1379.25
1382.15
1388.00
1373.50
1412.65
1406.50
1388.35
1368.60
1367.00
1367.70
1368.50
1374.50
1378.10
1380.85
1365.80
1360.15
1370.10
1372.75
1344.35
1344.55
1343.15
1323.60
1326.75
1333.85
1318.95
1325.85
1330.30
1336.05
1328.05
1355.60
1348.10
1362.25
1353.85
1363.45
1364.10
1373.00
1370.35
1377.00
1384.20
1403.70
1401.80
1409.00
1411.75
1402.85
1411.75
1421.15
1435.05
1422.00
1428.20
1438.00
1425.00
1430.65
1414.10
1412.00
1421.65
1401.55
1402.00
1404.70
1421.05
1432.75
1426.40
1440.30
1446.20
1435.00
1417.00
1418.00
1424.85
1439.50
1435.35
1434.60
1462.50
1459.05
1468.60
1467.90
1450.00
1456.00
1466.70
1476.65
1493.35
1490.60
1501.55
1503.95
1498.15
1511.25
1535.90
1540.85
1540.55
1511.60
1487.50
1501.40
1514.00
1508.00
1489.65
1505.10
1501.30
1478.80
1496.45
1491.75
1491.00
1511.55
1526.00
1527.40
1519.50
1533.00
1536.50
1534.05
1540.00
1540.95
1545.00
1539.00
1536.55
1529.35
1525.05
1514.90
1530.00
1524.35
1538.00
1544.30
1545.55
1553.60
1523.30
1515.15
1498.30
1500.20
1503.25
1504.35
1483.00
1495.60
1509.45
1526.95
1526.85
1540.00
1556.60
1551.30
1579.70
1591.10
1587.25
1598.65
1600.00
1587.00
1601.45
1613.70
1611.80
1624.90
1613.40
1628.85
1621.80
1638.40
1668.15
1679.55
1659.10
1692.65
1736.00
1772.65
1760.00
1738.00
1782.40
1790.30
1824.00
1849.00
1877.00
1875.15
1771.10
1728.20
1786.90
1825.35
1813.45
1820.00
1876.00
1894.25
1893.00
1811.00
1854.55
1852.00
1832.80
1820.20
1819.00
1781.45
1794.00
1795.05
1799.65
1791.85
1720.00
1688.00
1597.60
1660.20
1642.55
1613.00
1618.80
1655.95
1638.90
1616.15
1633.75
1651.85
1661.10
1663.85
1682.00
1656.00
1677.20
1680.00
1631.95
1653.05
1620.70
1643.50
1652.85
1656.30
1714.30
1718.45
1741.00
1723.25
1698.10
1743.00
1758.00
1749.15
1780.75
1795.00
1784.65
1755.85
1773.15
1784.70
1757.00
1741.95
1719.75
1700.75
1699.45
1679.95
1693.45
1689.15
1713.35
1715.80
1746.00
1751.95
1746.05
1744.80
1707.45
1736.70
1716.10
1709.30
1658.55
1671.45
1602.85
1574.25
1593.00
1597.45
1612.00
1609.00
1606.40
1570.40
1531.95
1531.90
1598.05
1613.90
1599.35
1617.65
1616.15
1637.95
1634.35
1662.05
1635.70
1641.75
1656.00
1646.20
1655.00
1653.00
1675.20
1665.95
1651.15
1726.30
1726.00
1728.00
1742.80
1740.00
1751.00
1732.75
1720.20
1723.50
1745.70
1748.85
1710.45
1719.65
1722.00
1733.00
1713.00
1722.95
1732.10
1748.05
1752.00
1777.00
1778.60
1770.80
1780.85
1769.10
1714.10
1705.90
1704.00
1668.15
1677.00
1691.20
1686.75
1697.90
1690.35
1645.00
1648.90
1657.75
1662.00
1657.00
1650.05
1635.65
1664.70
1692.65
1676.95
1656.60
1663.70
1676.90
1676.20
1621.90
1631.25
1644.05
1659.05
1668.30
1665.95
1654.00
1635.40
1644.45
1649.35
1641.75
1627.00
1649.70
1638.15
1653.60
1663.15
1650.00
1663.00
1648.95
1638.35
1642.00
1601.45
1582.00
1598.05
1582.90
1557.00
1556.35
1549.45
1553.70
1590.10
1592.35
1581.75
1549.00
1567.25
1568.35
1575.20
1578.95
1540.80
1556.90
1606.05
1634.90
1606.85
1577.10
1582.95
1602.55
1619.30
1613.00
1627.45
1614.25
1625.45
1601.85
1580.80
1564.85
1569.60
1576.30
1573.20
1559.75
1597.00
1591.75
1618.00
1614.20
1604.60
1586.15
1585.00
1595.15
1577.25
1556.35
1596.50
1590.60
1585.20
1575.85
1583.70
1577.50
1573.35
1584.45
1601.60
1619.00
1617.95
1617.90
1622.00
1599.55
1597.25
1602.20
1609.25
1610.40
1612.45
1616.20
1618.00
1621.50
1597.60
1602.50
1605.70
1615.30
1614.15
1639.00
1641.25
1665.15
1666.50
1668.00
1661.10
1659.40
1647.00
1690.45
1696.00
1688.80
1701.00
1729.15
1732.05
1737.90
1736.35
1733.05
1775.70
1769.00
1768.55
1768.00
1759.25
1783.00
1772.70
1744.70
1763.45
1775.05
1787.95
1775.20
1774.05
1792.95
1784.65
1772.00
1774.25
1761.00
1770.05
1765.60
1735.65
1745.25
1749.00
1742.10
1737.90
1726.25
1710.05
1706.70
1714.00
1716.70
1706.05
1709.65
1719.15
1715.60
1684.30
1683.45
1690.10
1715.25
1716.05
1739.40
1725.60
1725.85
1710.25
1713.60
1730.40
1725.00
1732.25
1735.00
1750.75
1745.85
1708.50
1726.15
1719.50
1698.70
1693.90
1694.15
1702.50
1712.50
1709.45
1716.95
1693.90
1697.05
1696.00
1692.95
1666.00
1651.00
1652.00
1655.10
1694.60
1647.00
1646.20
1656.00
1657.05
1674.30
1656.85
1666.55
1679.85
1677.20
1674.30
1687.80
1688.60
1691.05
1689.90
1671.20
1659.55
1657.00
1664.00
1676.50
1664.95
1668.00
1665.60
1672.30
1674.40
1668.30
1667.75
1651.00
1646.75
1645.25
1646.00
1611.00
1610.45
1607.40
1588.65
1577.85
1577.20
1587.20
1591.35
1603.70
1588.30
1581.75
1573.60
1580.55
1573.00
1578.40
1582.75
1579.00
1594.95
1590.25
1586.40
1595.25
1602.80
1610.65
1606.65
1607.75
1600.00
1599.25
1603.90
1597.30
1583.40
1574.25
1545.55
1568.60
1574.60
1577.40
1575.50
1565.25
1536.55
1396.05
1379.65
1392.55
1393.00
1406.20
1424.55
1407.55
1429.50
1451.95
1471.60
1466.60
1467.90
1454.00
1469.50
1469.60
1443.75
1468.85
1466.75
1426.15
1431.50
1433.40
1409.65
1381.00
1369.60
1353.50
1360.00
1409.00
1379.30
1390.00
1376.30
1382.90
1412.25
1394.00
1401.70
1398.90
1404.30
1399.60
1385.25
1382.45
1374.05
1382.45
1384.00
1391.25
1383.55
1367.65
1371.75
1292.20
1294.90
1285.00
1279.00
1235.45
1232.95
1192.65
1253.75
1248.80
1250.00
1213.25
1236.00
1255.10
1256.95
1284.90
1278.85
1285.60
1291.25
1297.75
1283.95
1295.15
1326.10
1333.80
1335.00
1326.35
1330.20
1328.70
1323.40
1313.45
1316.15
1309.00
1304.65
1281.05
1283.70
1299.50
1309.15
1341.00
1329.65
1326.55
1330.95
1369.50
1365.45
1372.00
1362.50
1375.80
1377.80
1420.25
1420.50
1408.00
1394.00
1392.35
1398.95
1391.10
1386.25
1385.95
1390.00
1358.85
1363.65
1327.75
1317.95
1324.55
1311.75
1301.95
1366.50
1349.70
1323.55
1314.20
1322.00
1332.85
1341.00
1326.75
1305.25
1315.75
1310.50
1323.70
1328.55
1304.80
1298.00
1266.55
1284.00
1270.70
1272.90
1319.80
1315.40
1317.50
1332.60
1331.00
1345.00
1348.60
1361.00
1350.00
1355.75
1322.00
1306.05
1321.10
1307.00
1319.20
1307.40
1285.30
1281.85
1282.25
1271.90
1285.65
1287.25
1282.00
1275.00
1256.00
1240.35
1246.95
1242.00
1247.00
1244.00
1245.15
1254.25
1230.30
1217.10
1227.35
1222.90
1234.10
1237.90
1265.05
1260.00
1224.00
1231.00
1235.60
1231.00
1229.25
1195.85
1196.00
1197.80
1214.05
1203.35
